v
-1704.8564519866754
-1676.303598797815
-1647.7507456089543
-1619.197892420094
-1590.6450392312336
-1562.092186042373
-1533.5393328535126
-1504.986479664652
-1476.4336264757915
-1447.8807732869311
-1419.3279200980705
-1390.7750669092102
-1362.2222137203498
-1333.6693605314895
-1305.1165073426287
-1276.5636541537683
-1248.0108009649077
-1219.4579477760471
-1190.9050945871868
-1162.3522413983264
-1133.7993882094659
-1105.2465350206053
-1076.693681831745
-1048.1408286428846
-1019.587975454024
-991.0351222651635
-962.482269076303
-933.9294158874426
-905.3765626985821
-876.8237095097215
-848.2708563208612
-819.7180031320006
-791.1651499431402
-762.6122967542797
-734.0594435654193
-705.5065903765587
-676.9537371876982
-648.4008839988378
-619.8480308099773
-591.2951776211169
-562.7423244322564
-534.1894712433959
-505.63661805453546
-477.083764865675
-448.5309116768145
-419.97805848795406
-391.42520529909353
-362.872352110233
-334.31949892137266
-305.7666457325122
-277.2137925436516
-248.66093935479105
-220.10808616593064
-191.55523297707023
-163.0023797882098
-134.44952659934938
-105.89667341048883
-77.34382022162825
-48.79096703276784
-20.238113843907417
8.314739344953
36.867592533813564
65.42044572267415
93.97329891153456
122.52615210039497
151.0790052892554
179.63185847811596
208.1847116669765
236.73756485583695
265.2904180446974
293.84327123355774
322.3961244224183
350.9489776112789
379.5018308001394
408.0546839889997
436.6075371778602
465.16039036672055
493.71324355558113
522.2660967444417
550.8189499333021
579.3718031221626
607.924656311023
636.4775094998836
665.0303626887442
693.5832158776045
722.136069066465
750.6889222553255
779.2417754441858
807.7946286330464
836.347481821907
864.9003350107673
893.4531881996278
922.0060413884883
950.5588945773488
979.1117477662093
1007.6646009550698
1036.2174541439301
1064.7703073327907
1093.323160521651
1121.8760137105114
1150.4288668993718
1178.9817200882326
1207.5345732770934
1236.0874264659537
1264.640279654814
1293.1931328436744
1321.7459860325348
1350.2988392213954
1378.8516924102557
1407.4045455991163
1435.9573987879767
1464.510251976837
1493.0631051656978
1521.6159583545584
1550.168811543419
1578.7216647322794
1607.2745179211397
1635.82737111
1664.3802242988606
1692.933077487721
1721.4859306765813
1750.038783865442
1778.5916370543027
1807.1444902431633
1835.6973434320237
1864.250196620884
1892.8030498097446
1921.355902998605
