v
-1633.9547117561383
-1605.7574758373414
-1577.5602399185445
-1549.3630039997474
-1521.1657680809508
-1492.9685321621541
-1464.771296243357
-1436.5740603245602
-1408.3768244057633
-1380.1795884869666
-1351.9823525681695
-1323.7851166493729
-1295.5878807305758
-1267.390644811779
-1239.193408892982
-1210.9961729741854
-1182.7989370553883
-1154.6017011365916
-1126.4044652177945
-1098.2072292989978
-1070.0099933802007
-1041.812757461404
-1013.6155215426072
-985.4182856238103
-957.2210497050135
-929.0238137862166
-900.8265778674197
-872.6293419486228
-844.432106029826
-816.2348701110291
-788.0376341922322
-759.8403982734353
-731.6431623546385
-703.4459264358417
-675.2486905170448
-647.0514545982479
-618.854218679451
-590.6569827606543
-562.4597468418574
-534.2625109230605
-506.06527500426364
-477.86803908546676
-449.6708031666699
-421.473567247873
-393.27633132907613
-365.07909541027925
-336.8818594914824
-308.6846235726855
-280.4873876538886
-252.29015173509185
-224.09291581629503
-195.89567989749804
-167.69844397870125
-139.50120805990446
-111.30397214110748
-83.10673622231067
-54.90950030351385
-26.7122643847169
1.4849715340800582
29.682207452876867
57.87944337167367
86.07667929047064
114.27391520926744
142.47115112806426
170.6683870468612
198.86562296565802
227.06285888445484
255.26009480325177
283.4573307220486
311.6545666408454
339.85180255964235
368.04903847843934
396.24627439723616
424.443510316033
452.6407462348299
480.83798215362674
509.03521807242356
537.2324539912205
565.4296899100173
593.6269258288141
621.824161747611
650.0213976664079
678.2186335852048
706.4158695040016
734.6131054227984
762.8103413415952
791.0075772603923
819.204813179189
847.4020490979858
875.5992850167828
903.7965209355798
931.9937568543766
960.1909927731733
988.3882286919704
1016.5854646107671
1044.782700529564
1072.9799364483608
1101.1771723671577
1129.3744082859546
1157.5716442047515
1185.7688801235483
1213.9661160423452
1242.1633519611419
1270.360587879939
1298.5578237987359
1326.7550597175325
1354.9522956363294
1383.1495315551265
1411.3467674739231
1439.54400339272
1467.741239311517
1495.9384752303138
1524.1357111491106
1552.3329470679075
1580.5301829867044
1608.7274189055015
1636.9246548242982
1665.1218907430953
1693.3191266618921
1721.5163625806888
1749.7135984994857
1777.9108344182825
1806.1080703370794
1834.3053062558763
1862.5025421746732
1890.6997780934698
1918.897014012267
1947.094249931064
