b
0.006762934213132742
0.007525402084485029
0.008373832237374132
0.00931791624586459
0.010368438333101087
0.011537398558935527
0.012838149895994487
0.014285550759999915
0.015896134736688744
0.017688299444113556
0.01968251668768885
0.02190156630857313
0.02437079639662442
0.027118412840328787
0.030175801521216055
0.033577886833173004
0.03736353062200089
0.04157597610228403
0.04626334182240952
0.05147917132027399
0.05728304474836783
0.0637412594547969
0.07092758729448473
0.07892411732128302
0.08782219348701872
0.09772345805876417
0.10874101267323316
0.12100071029096925
0.13464259280825175
0.1498224907484842
0.1667138033062592
0.18550947907745474
0.20642422010113431
0.22969693438991573
0.2555934649639281
0.28440962656197644
0.3164745847181124
0.3521546158026281
0.3918572909782211
0.4360361318644522
0.4851957910919162
0.5398978169233287
0.6007670677904893
0.668498850020053
0.7438668602819978
0.8277320234869459
0.9210523270872149
1.0248937641182807
1.1404425099824649
1.2690184720696616
1.412090366991657
1.5712924976565459
1.7484434218269358
1.9455667254118616
2.1649141377847254
2.4089912531722746
2.6805861519287593
2.9828012486346474
3.3190887308190753
3.6932899931206826
4.109679517341267
4.573013699631896
5.088585182561925
5.662283312703214
6.300661414333535
7.011011647723293
7.801448307107748
8.681000509853448
9.659715335602147
10.748772593545507
11.960612528811382
13.309077926745164
14.809572238335768
16.47923553304513
18.337140288941484
20.404509256637017
22.704957885678088
25.264764082612423
28.113168382166307
31.282707960370878
34.80958830505335
38.734096789264854
43.10106287187334
47.96037018217089
53.367526338008844
59.3842970064655
66.0794114498896
73.52934761673407
81.81920574523447
91.04368045905936
101.30814245913277
112.72984216774024
125.43924907408038
139.581542080541
155.3182678738445
172.82918626455188
192.31432357415093
213.9962575254521
238.1226597364839
264.96912486066856
294.8423186903924
328.083481184607
365.0723244353535
406.2313700994847
452.0307758418634
502.9937059222102
559.7023072735815
622.8043593368932
693.0206736121935
771.1533274514258
858.0948261468213
954.8382979730111
1062.4888386403122
1182.2761347462656
1315.5685104225026
1463.888557631021
1628.9305286539538
1812.5796894504142
2016.9338549527085
2244.3273522985596
2497.3576857301387
2778.9152077516073
3092.216135477372
3440.8392893149867
3828.7669736468524
4260.430466488695
4740.7606377507345
5275.244274311504
