b
0.005165040835675533
0.005710546950643243
0.006313666728490793
0.006980485039871965
0.007717729409440047
0.00853283788979058
0.009434034103915035
0.010430410213268017
0.011532018648511933
0.012749973528410237
0.014096562790083454
0.015585372161909302
0.017231422229828583
0.01905131997991736
0.021063426346137865
0.023288041453655706
0.02574760942664142
0.028466944826861233
0.031473483007593825
0.034797556908691935
0.03847270308537187
0.042536000058253184
0.04702844239825851
0.05199535432051476
0.057486846960000226
0.06355832394238735
0.07027104035078277
0.07769272072777475
0.0858982423478061
0.09497039065340196
0.10500069447684315
0.11609034947382754
0.12835123908563828
0.14190706333029635
0.1568945868110596
0.1734650185334204
0.1917855374515624
0.21204097913550304
0.234435700575694
0.25919564193907363
0.2865706060776205
0.3168367787873474
0.3502995152446028
0.3872964207320239
0.42820075673555474
0.4734252067766161
0.5234260399728794
0.5787077143337777
0.6398279662333528
0.7074034374081133
0.7821158962506268
0.8647191161654165
0.9560464803828617
1.057019389955997
1.168656559768432
1.2920842963407146
1.4285478611278917
1.5794240339524572
1.7462350033250473
1.9306637237922497
2.134570895251674
2.3600137355384563
2.6092667356796757
2.884844607216283
3.1895276531078998
3.5263898181872797
3.8988297021653637
4.31060484807683
4.76586965210192
5.269217277236552
5.825725993677349
6.441010413449392
7.121278136182315
7.873392377533768
8.704941212117795
9.624314129529338
10.640786675838221
11.764614034499868
13.007134490819814
14.380883823824213
15.899721779634962
17.578971902338452
19.435576133100078
21.488265737274347
23.75775028399262
26.266926584841563
29.04110969961362
32.10828833974446
35.499407246200605
39.248679390725655
43.39393115024034
47.976983936859455
53.04407613378724
58.64632959399821
64.84026540820638
71.68837414570106
79.25974632120469
87.63076944852763
96.88589871358911
107.11850904211826
118.43183715853775
130.9400231404582
144.7692619770167
160.05907674911958
176.96372627669928
195.6537614347256
216.31774583962786
239.16415826612638
264.42349598793857
292.35060026294224
323.22722742460536
357.36489151939907
395.1080071695411
436.8373643693868
482.9739702726614
533.9832967302935
590.379976432229
652.7329950325496
721.6714316412274
797.8908055982794
882.1600935628641
975.3294877126973
1078.3389733261924
1192.2278122864634
1318.1450281862271
1457.3609988177232
1611.2802730041687
1781.4557410816985
