b
0.007282170853747226
0.00805106363983474
0.008901140475070617
0.009840973230534126
0.010880038843934882
0.012028814881666685
0.013298885190843282
0.014703056706674123
0.016255488593023018
0.017971835018357384
0.01986940300679029
0.021967326955927666
0.024286761581297243
0.026851095232941567
0.029686185735182894
0.032820621127685475
0.03628600793703271
0.04011728988564861
0.044353100251809593
0.04903615143381858
0.05421366564656964
0.05993785109349025
0.06626642841541029
0.07326321272488234
0.0809987570949749
0.0895510639912534
0.09900637182077338
0.1094600245293634
0.12101743301591122
0.13379513805820437
0.14792198546849258
0.16354042532862573
0.1808079484057803
0.19989867423308627
0.2210051068687876
0.24434007603838181
0.2701388832335345
0.29866167440824565
0.33019606319770256
0.36506003111141555
0.4036051339451414
0.4462200467439278
0.4933344830623922
0.5454235280426666
0.6030124290032375
0.6666818918452291
0.7370739366832316
0.8148983717467477
0.9009399508327578
0.9960662864826393
1.1012365986770325
1.2175113872673888
1.346063125677588
1.488188083707009
1.6453193986520445
1.8190415265505502
2.0111062192703884
2.2234501885494153
2.4582146351046394
2.7177668397352264
3.0047240341362693
3.321979792128036
3.672733207420589
4.06052115213169
4.48925394134155
4.96325476331298
5.487303272977111
6.066683788266094
6.707238575287017
7.415426759645847
8.198389457962383
9.064021786338706
10.021052471888966
11.079131870105087
12.24892927559338
13.542240507429353
14.972106853982712
16.552946576609497
18.300700298248387
20.232991742966675
22.369305447297023
24.73118323534218
27.342441438832132
30.229411052504418
33.42120324644672
36.95000291273499
40.851393206385694
45.16471435317685
49.93346034242965
55.205717504855926
61.03464939793645
67.47903288823963
74.6038508363427
82.48094736078018
91.1897522884665
100.8180820966897
111.46302542309269
123.23192207280633
136.2434453946907
150.62879894098657
166.53303947705598
184.1165396819771
203.55660528934004
225.04926297491158
248.81123701959893
275.0821346796607
304.12686230067044
336.2382965384562
371.7402376226505
410.9906744425216
454.3853943790202
502.36197428331855
555.4041928454355
614.0469088456873
678.8814544795396
750.5615981401775
829.8101367853992
917.426184363889
1014.2932297947484
1121.3880457540952
1239.7905381017463
1370.6946352660489
1515.4203273915768
1675.4269766481266
1852.3280329173926
2047.907303245137
2264.136939114068
2503.1973229147616
