v
-790.2553158729772
-780.2250769488305
-770.1948380246838
-760.1645991005371
-750.1343601763904
-740.1041212522438
-730.0738823280972
-720.0436434039505
-710.0134044798037
-699.9831655556571
-689.9529266315105
-679.9226877073638
-669.8924487832172
-659.8622098590705
-649.8319709349239
-639.8017320107772
-629.7714930866305
-619.7412541624838
-609.7110152383373
-599.6807763141906
-589.6505373900438
-579.6202984658972
-569.5900595417506
-559.5598206176039
-549.5295816934572
-539.4993427693106
-529.469103845164
-519.4388649210173
-509.40862599687057
-499.37838707272397
-489.34814814857725
-479.31790922443065
-469.28767030028393
-459.25743137613733
-449.2271924519906
-439.1969535278439
-429.1667146036973
-419.13647567955064
-409.106236755404
-399.0759978312574
-389.04575890711067
-379.01551998296407
-368.98528105881735
-358.95504213467063
-348.92480321052403
-338.8945642863773
-328.8643253622307
-318.834086438084
-308.8038475139374
-298.7736085897908
-288.7433696656441
-278.71313074149737
-268.68289181735076
-258.65265289320405
-248.6224139690574
-238.59217504491073
-228.56193612076407
-218.53169719661742
-208.50145827247076
-198.47121934832415
-188.44098042417747
-178.4107415000308
-168.38050257588412
-158.35026365173746
-148.3200247275908
-138.28978580344415
-128.2595468792975
-118.22930795515083
-108.19906903100417
-98.1688301068575
-88.13859118271083
-78.10835225856417
-68.0781133344175
-58.04787441027083
-48.01763548612416
-37.98739656197757
-27.957157637830903
-17.92691871368423
-7.896679789537564
2.1335591346091034
12.16379805875577
22.19403698290244
32.224275907049105
42.25451483119578
52.28475375534244
62.31499267948911
72.34523160363571
82.37547052778237
92.40570945192904
102.43594837607571
112.46618730022237
122.49642622436905
132.52666514851572
142.5569040726624
152.58714299680906
162.61738192095572
172.64762084510238
182.67785976924898
192.70809869339564
202.7383376175423
212.76857654168896
222.79881546583564
232.82905438998233
242.859293314129
252.88953223827565
262.9197711624223
272.9500100865689
282.98024901071557
293.0104879348622
303.04072685900894
313.0709657831556
323.10120470730226
333.1314436314489
343.1616825555956
353.19192147974223
363.2221604038889
373.2523993280356
383.2826382521822
393.31287717632887
403.3431161004755
413.3733550246222
423.40359394876884
433.43383287291556
443.4640717970622
453.4943107212089
463.52454964535553
473.5547885695022
483.5850274936488
