b
10.9375
12.8125
14.6875
16.5625
18.4375
20.3125
22.1875
24.0625
25.9375
27.8125
29.6875
31.5625
33.4375
35.3125
37.1875
39.0625
40.9375
42.81249999999999
44.6875
46.5625
48.4375
50.3125
52.1875
54.0625
55.9375
57.8125
59.6875
61.5625
63.4375
65.3125
67.1875
69.0625
70.9375
72.8125
74.6875
76.5625
78.4375
80.3125
82.1875
84.0625
85.9375
87.8125
89.6875
91.5625
93.4375
95.3125
97.1875
99.0625
100.9375
102.8125
104.6875
106.5625
108.43749999999999
110.3125
112.1875
114.0625
115.9375
117.81249999999999
119.68749999999999
121.5625
123.4375
125.3125
127.1875
129.0625
130.9375
132.8125
134.6875
136.56249999999997
138.4375
140.3125
142.1875
144.0625
145.93749999999997
147.8125
149.6875
151.5625
153.4375
155.3125
157.18749999999997
159.0625
160.9375
162.8125
164.6875
166.56249999999997
168.4375
170.3125
172.1875
174.0625
175.9375
177.81249999999997
179.6875
181.5625
183.4375
185.3125
187.18749999999997
189.0625
190.9375
192.8125
194.6875
196.56249999999997
198.4375
200.3125
202.1875
204.0625
205.9375
207.8125
209.6875
211.5625
213.4375
215.3125
217.1875
219.0625
220.9375
222.8125
224.6875
226.5625
228.4375
230.3125
232.1875
234.0625
235.9375
237.8125
239.6875
241.5625
243.4375
245.3125
247.1875
249.0625
