v
-1000.0000000000001
-984.3750000000001
-968.7500000000001
-953.1250000000001
-937.5000000000001
-921.8750000000001
-906.2500000000001
-890.6250000000001
-875.0000000000001
-859.3750000000001
-843.7500000000001
-828.1250000000001
-812.5000000000001
-796.8750000000001
-781.2500000000001
-765.6250000000001
-750.0000000000001
-734.3750000000001
-718.7500000000001
-703.1250000000001
-687.5
-671.875
-656.25
-640.625
-625.0
-609.375
-593.75
-578.125
-562.5
-546.875
-531.25
-515.625
-500.00000000000006
-484.37500000000006
-468.75000000000006
-453.12500000000006
-437.50000000000006
-421.87500000000006
-406.25000000000006
-390.62500000000006
-375.00000000000006
-359.37500000000006
-343.75
-328.125
-312.5
-296.875
-281.25
-265.625
-250.00000000000003
-234.37500000000003
-218.75000000000003
-203.12500000000003
-187.50000000000003
-171.875
-156.25
-140.625
-125.00000000000001
-109.37500000000001
-93.75000000000001
-78.125
-62.50000000000001
-46.87500000000001
-31.250000000000004
-15.625000000000002
0.0
15.625000000000002
31.250000000000004
46.87500000000001
62.50000000000001
78.125
93.75000000000001
109.37500000000001
125.00000000000001
140.625
156.25
171.875
187.50000000000003
203.12500000000003
218.75000000000003
234.37500000000003
250.00000000000003
265.625
281.25
296.875
312.5
328.125
343.75
359.37500000000006
375.00000000000006
390.62500000000006
406.25000000000006
421.87500000000006
437.50000000000006
453.12500000000006
468.75000000000006
484.37500000000006
500.00000000000006
515.625
531.25
546.875
562.5
578.125
593.75
609.375
625.0
640.625
656.25
671.875
687.5
703.1250000000001
718.7500000000001
734.3750000000001
750.0000000000001
765.6250000000001
781.2500000000001
796.8750000000001
812.5000000000001
828.1250000000001
843.7500000000001
859.3750000000001
875.0000000000001
890.6250000000001
906.2500000000001
921.8750000000001
937.5000000000001
953.1250000000001
968.7500000000001
984.3750000000001
1000.0000000000001
