b
10.0
10.254663322098775
10.515811984959832
10.783611146425388
11.05823017030244
11.339842733472608
11.62862693573094
11.924765412421046
12.228445449938567
12.539859104177019
12.8592033219891
13.18668006574118
13.52249644104066
13.86686482771515
14.220003014127151
14.582134334910434
14.953487812212265
15.334298300534355
15.724806635261189
16.125259784970773
16.535911007625483
16.957020010738578
17.38885311562152
17.831683425812773
18.285790999795815
18.75146302811693
19.22899401501227
19.718685964660242
20.220848572178443
20.735799419483257
21.26386417613712
21.80537680531243
22.360679774997983
22.93012427458668
23.51407043697718
24.112887566331604
24.726954371635333
25.35665920620178
26.00240031327946
26.664586077911768
27.343635285210638
28.039977385209426
28.75405276445874
29.486313024538678
30.2372212676659
31.00725238957198
31.796893379840206
32.60664362989341
33.43701524882123
34.28853338725431
35.16173656948376
36.05717703403828
36.97542108293763
37.91704943983567
38.88265761728872
39.87285629337369
40.88827169789728
41.929546008443495
42.997337756504045
44.09232224395131
45.215191970120564
46.36665706976524
47.547445762165154
48.758304811675785
50.00000000000019
51.27331661049387
52.579059924799154
53.91805573212692
55.2911508515122
56.69921366736303
58.14313467865469
59.62382706210521
61.14222724969283
62.69929552088508
64.29601660994548
65.9334003287059
67.61248220520329
69.33432413857572
71.10001507063575
72.91067167455215
74.76743906106131
76.67149150267176
78.62403317630593
80.62629892485384
82.6795550381274
84.78510005369287
86.94426557810758
89.15841712906386
91.42895499897907
93.75731514058462
96.14497007506134
98.59342982330118
101.10424286089221
103.67899709741627
106.31932088068557
109.02688402656214
111.8033988749899
114.65062137293337
117.57035218488588
120.56443783165801
123.63477185817663
126.78329603100887
130.0120015663973
133.32293038955882
136.71817642605313
140.19988692604713
143.77026382229369
147.43156512269337
151.18610633832947
155.03626194785986
158.98446689920104
163.03321814946705
167.1850762441061
171.44266693627154
175.80868284741877
180.2858851701914
184.8771054146881
189.58524719917833
194.41328808644357
199.36428146686842
204.44135848948636
209.64773004221746
214.9866887825202
220.46161121975652
226.07595985060277
231.83328534882614
237.73722881082574
243.79152405837888
250.0
