impact parameter bin edges [kpc]
10.000000
10.554496
11.139739
11.757433
12.409378
13.097473
13.823722
14.590242
15.399265
16.253148
17.154379
18.105582
19.109530
20.169146
21.287517
22.467901
23.713737
25.028654
26.416483
27.881267
29.427272
31.059002
32.781212
34.598917
36.517413
38.542289
40.679443
42.935102
45.315836
47.828581
50.480657
53.279789
56.234133
59.352293
62.643354
66.116903
69.783058
73.652501
77.736503
82.046961
86.596432
91.398170
96.466162
101.815172
107.460783
113.419440
119.708503
126.346292
133.352143
140.746466
148.550802
156.787884
165.481710
174.657605
184.342299
194.564006
205.352503
216.739217
228.757320
241.441822
254.829675
268.959879
283.873596
299.614274
316.227766
333.762469
352.269465
371.802666
392.418976
414.178451
437.144481
461.383968
486.967525
513.969680
542.469094
572.548788
604.296390
637.804384
673.170382
710.497411
749.894209
791.475544
835.362547
881.683067
930.572041
982.171889
1036.632928
1094.113811
1154.781985
1218.814185
1286.396945
1357.727142
1433.012570
1512.472545
1596.338544
1684.854879
1778.279410
1876.884294
1980.956779
2090.800041
2206.734069
2329.096592
2458.244069
2594.552721
2738.419634
2890.263910
3050.527890
3219.678444
3398.208329
3586.637624
3785.515249
3995.420559
4216.965034
4450.794062
4697.588817
4958.068242
5232.991147
5523.158417
5829.415347
6152.654101
6493.816316
6853.895839
7233.941627
7635.060803
8058.421878
8505.258154
8976.871324
9474.635257
10000.000000
radial velocity bin edges [km/s]
-1000.000000
-984.375000
-968.750000
-953.125000
-937.500000
-921.875000
-906.250000
-890.625000
-875.000000
-859.375000
-843.750000
-828.125000
-812.500000
-796.875000
-781.250000
-765.625000
-750.000000
-734.375000
-718.750000
-703.125000
-687.500000
-671.875000
-656.250000
-640.625000
-625.000000
-609.375000
-593.750000
-578.125000
-562.500000
-546.875000
-531.250000
-515.625000
-500.000000
-484.375000
-468.750000
-453.125000
-437.500000
-421.875000
-406.250000
-390.625000
-375.000000
-359.375000
-343.750000
-328.125000
-312.500000
-296.875000
-281.250000
-265.625000
-250.000000
-234.375000
-218.750000
-203.125000
-187.500000
-171.875000
-156.250000
-140.625000
-125.000000
-109.375000
-93.750000
-78.125000
-62.500000
-46.875000
-31.250000
-15.625000
0.000000
15.625000
31.250000
46.875000
62.500000
78.125000
93.750000
109.375000
125.000000
140.625000
156.250000
171.875000
187.500000
203.125000
218.750000
234.375000
250.000000
265.625000
281.250000
296.875000
312.500000
328.125000
343.750000
359.375000
375.000000
390.625000
406.250000
421.875000
437.500000
453.125000
468.750000
484.375000
500.000000
515.625000
531.250000
546.875000
562.500000
578.125000
593.750000
609.375000
625.000000
640.625000
656.250000
671.875000
687.500000
703.125000
718.750000
734.375000
750.000000
765.625000
781.250000
796.875000
812.500000
828.125000
843.750000
859.375000
875.000000
890.625000
906.250000
921.875000
937.500000
953.125000
968.750000
984.375000
1000.000000
