v
-1488.2812500000002
-1464.8437500000002
-1441.4062500000002
-1417.9687500000002
-1394.53125
-1371.09375
-1347.65625
-1324.21875
-1300.78125
-1277.34375
-1253.90625
-1230.46875
-1207.03125
-1183.59375
-1160.15625
-1136.71875
-1113.28125
-1089.84375
-1066.40625
-1042.96875
-1019.53125
-996.0937500000001
-972.6562500000001
-949.2187500000001
-925.7812500000001
-902.3437500000001
-878.9062500000001
-855.4687500000001
-832.0312500000001
-808.5937500000001
-785.1562500000001
-761.7187500000001
-738.2812500000001
-714.8437500000001
-691.40625
-667.96875
-644.53125
-621.09375
-597.65625
-574.21875
-550.78125
-527.34375
-503.90625
-480.46875000000006
-457.03125000000006
-433.59375000000006
-410.15625000000006
-386.71875000000006
-363.28125000000006
-339.84375
-316.40625
-292.96875
-269.53125
-246.09375
-222.65625000000003
-199.21875000000003
-175.78125
-152.34375
-128.90625
-105.46875000000001
-82.03125
-58.59375
-35.15625000000001
-11.718750000000002
11.718750000000002
35.15625000000001
58.59375
82.03125
105.46875000000001
128.90625
152.34375
175.78125
199.21875000000003
222.65625000000003
246.09375
269.53125
292.96875
316.40625
339.84375
363.28125000000006
386.71875000000006
410.15625000000006
433.59375000000006
457.03125000000006
480.46875000000006
503.90625
527.34375
550.78125
574.21875
597.65625
621.09375
644.53125
667.96875
691.40625
714.8437500000001
738.2812500000001
761.7187500000001
785.1562500000001
808.5937500000001
832.0312500000001
855.4687500000001
878.9062500000001
902.3437500000001
925.7812500000001
949.2187500000001
972.6562500000001
996.0937500000001
1019.53125
1042.96875
1066.40625
1089.84375
1113.28125
1136.71875
1160.15625
1183.59375
1207.03125
1230.46875
1253.90625
1277.34375
1300.78125
1324.21875
1347.65625
1371.09375
1394.53125
1417.9687500000002
1441.4062500000002
1464.8437500000002
1488.2812500000002
