b
10.127331661049388
10.385237653529304
10.64971156569261
10.920920658363915
11.199036451887524
11.484234834601775
11.776696174075994
12.076605431179807
12.384152277057794
12.699531213083059
13.022941693865139
13.35458825339092
13.694680634377905
14.04343392092115
14.401068674518793
14.767811073561349
15.14389305637331
15.529552467897773
15.92503321011598
16.330585396298126
16.74646550918203
17.17293656318005
17.610268270717146
18.058737212804296
18.518627013956372
18.9902285215646
19.473839989836257
19.969767268419343
20.47832399583085
20.999831797810188
21.534620490724777
22.083028290155205
22.645402024792332
23.22209735578193
23.813479001654393
24.41992096898347
25.041806788918556
25.679529759740618
26.333493195595615
27.0041106815612
27.691806335210032
28.397015074834083
29.12018289449871
29.861767146102288
30.622236828618938
31.402072884706094
32.201768504866806
33.02182943935732
33.86277431803777
34.725134978369034
35.60945680176102
36.51629905848796
37.44623526138665
38.3998535285622
39.37775695533121
40.380563995635484
41.40890885317039
42.463441882473774
43.54483000022768
44.653757107035936
45.790924519942905
46.957051415965196
48.15287528692047
49.379152405837985
50.63665830524703
51.92618826764651
53.248557828463035
54.60460329181956
55.99518225943761
57.421174173008865
58.88348087037995
60.383027155899015
61.920761385288955
63.497656065415285
65.11470846932569
66.7729412669546
68.47340317188952
70.21716960460574
72.00534337259396
73.83905536780674
75.71946528186653
77.64776233948885
79.62516605057988
81.65292698149062
83.73232754591014
85.86468281590022
88.05134135358571
90.29368606402147
92.59313506978185
94.95114260782299
97.36919994918125
99.84883634209669
102.39161997915424
104.99915898905093
107.67310245362386
110.41514145077602
113.22701012396163
116.11048677890963
119.06739500827194
122.09960484491732
125.20903394459276
128.39764879870307
131.66746597797805
135.02055340780598
138.45903167605013
141.9850753741704
145.6009144724935
149.30883573051142
153.11118414309465
157.01036442353046
161.00884252433406
165.10914719678658
169.31387159018882
173.62567489184516
178.0472840088051
182.58149529243974
187.2311763069332
191.99926764281093
196.888784776656
201.90281997817738
207.04454426585193
212.3172094123688
217.72415000113836
223.26878553517963
228.95462259971447
234.78525707982595
240.7643764346023
246.89576202918943
