v
-992.1875000000001
-976.5625000000001
-960.9375000000001
-945.3125000000001
-929.6875000000001
-914.0625000000001
-898.4375000000001
-882.8125000000001
-867.1875000000001
-851.5625000000001
-835.9375000000001
-820.3125000000001
-804.6875000000001
-789.0625000000001
-773.4375000000001
-757.8125000000001
-742.1875000000001
-726.5625000000001
-710.9375000000001
-695.3125
-679.6875
-664.0625
-648.4375
-632.8125
-617.1875
-601.5625
-585.9375
-570.3125
-554.6875
-539.0625
-523.4375
-507.8125
-492.18750000000006
-476.56250000000006
-460.93750000000006
-445.31250000000006
-429.68750000000006
-414.06250000000006
-398.43750000000006
-382.81250000000006
-367.18750000000006
-351.5625
-335.9375
-320.3125
-304.6875
-289.0625
-273.4375
-257.8125
-242.18750000000003
-226.56250000000003
-210.93750000000003
-195.31250000000003
-179.6875
-164.0625
-148.4375
-132.8125
-117.18750000000001
-101.56250000000001
-85.9375
-70.3125
-54.68750000000001
-39.06250000000001
-23.437500000000004
-7.812500000000001
7.812500000000001
23.437500000000004
39.06250000000001
54.68750000000001
70.3125
85.9375
101.56250000000001
117.18750000000001
132.8125
148.4375
164.0625
179.6875
195.31250000000003
210.93750000000003
226.56250000000003
242.18750000000003
257.8125
273.4375
289.0625
304.6875
320.3125
335.9375
351.5625
367.18750000000006
382.81250000000006
398.43750000000006
414.06250000000006
429.68750000000006
445.31250000000006
460.93750000000006
476.56250000000006
492.18750000000006
507.8125
523.4375
539.0625
554.6875
570.3125
585.9375
601.5625
617.1875
632.8125
648.4375
664.0625
679.6875
695.3125
710.9375000000001
726.5625000000001
742.1875000000001
757.8125000000001
773.4375000000001
789.0625000000001
804.6875000000001
820.3125000000001
835.9375000000001
851.5625000000001
867.1875000000001
882.8125000000001
898.4375000000001
914.0625000000001
929.6875000000001
945.3125000000001
960.9375000000001
976.5625000000001
992.1875000000001
